0	file:/media/sf_vm-shared/project4/data/nsf/the-astrophysics-of-spinning-black-holes.txt	0.0023584905660377358	0.0023584905660377358	0.04009433962264151	0.04009433962264151	0.0023584905660377358	0.0023584905660377358	0.0023584905660377358	0.01179245283018868	0.01179245283018868	0.02122641509433962	0.4363207547169811	0.0023584905660377358	0.030660377358490566	0.02122641509433962	0.049528301886792456	0.07783018867924528	0.0023584905660377358	0.23820754716981132	0.0023584905660377358	0.0023584905660377358
1	file:/media/sf_vm-shared/project4/data/nsf/workshop-support-for-hosting-5th-cirp-international-workshop-on-modeling-of.txt	0.0015723270440251573	0.014150943396226415	0.12106918238993711	0.0015723270440251573	0.0015723270440251573	0.0015723270440251573	0.020440251572327043	0.0015723270440251573	0.0015723270440251573	0.07075471698113207	0.0015723270440251573	0.0015723270440251573	0.0015723270440251573	0.0015723270440251573	0.0015723270440251573	0.0015723270440251573	0.5550314465408805	0.04559748427672956	0.15251572327044025	0.0015723270440251573
2	file:/media/sf_vm-shared/project4/data/nsf/west-virginia-blueprint-for-science-and-technology-strengthening-statewide.txt	0.0012755102040816326	0.3125	0.08290816326530612	0.0012755102040816326	0.011479591836734694	0.0012755102040816326	0.0012755102040816326	0.047193877551020405	0.0012755102040816326	0.11862244897959184	0.0012755102040816326	0.021683673469387755	0.0012755102040816326	0.05229591836734694	0.026785714285714284	0.011479591836734694	0.0012755102040816326	0.03188775510204082	0.27168367346938777	0.0012755102040816326
3	file:/media/sf_vm-shared/project4/data/nsf/integrated-sensing-porous-silicon-integrated-sensor-arrays.txt	0.009689922480620155	0.001937984496124031	0.001937984496124031	0.001937984496124031	0.3507751937984496	0.001937984496124031	0.001937984496124031	0.001937984496124031	0.001937984496124031	0.001937984496124031	0.001937984496124031	0.001937984496124031	0.001937984496124031	0.001937984496124031	0.09496124031007752	0.33527131782945735	0.001937984496124031	0.1569767441860465	0.009689922480620155	0.01744186046511628
4	file:/media/sf_vm-shared/project4/data/nsf/us-italy-planning-visit-ecological-bioenergetic-and-life-history.txt	0.34411764705882353	0.014705882352941176	0.0029411764705882353	0.0029411764705882353	0.014705882352941176	0.0029411764705882353	0.0029411764705882353	0.014705882352941176	0.0029411764705882353	0.0029411764705882353	0.026470588235294117	0.014705882352941176	0.014705882352941176	0.0029411764705882353	0.1323529411764706	0.0029411764705882353	0.1323529411764706	0.05	0.20294117647058824	0.014705882352941176
5	file:/media/sf_vm-shared/project4/data/nsf/quantum-information-theory.txt	0.007022471910112359	0.04073033707865169	0.13623595505617977	0.3441011235955056	0.018258426966292134	0.0014044943820224719	0.0014044943820224719	0.23174157303370788	0.007022471910112359	0.007022471910112359	0.0014044943820224719	0.012640449438202247	0.0014044943820224719	0.023876404494382022	0.007022471910112359	0.05758426966292135	0.0014044943820224719	0.09691011235955056	0.0014044943820224719	0.0014044943820224719
6	file:/media/sf_vm-shared/project4/data/nsf/mapping-microlensing-and-stellar-variability-in-m31.txt	0.001838235294117647	0.001838235294117647	0.001838235294117647	0.04595588235294118	0.001838235294117647	0.016544117647058824	0.009191176470588236	0.009191176470588236	0.001838235294117647	0.001838235294117647	0.43566176470588236	0.001838235294117647	0.0974264705882353	0.06066176470588235	0.001838235294117647	0.001838235294117647	0.001838235294117647	0.30330882352941174	0.001838235294117647	0.001838235294117647
7	file:/media/sf_vm-shared/project4/data/nsf/csedi-theoretical-and-experimental-studies-of-some-materials-fundamental-to-the.txt	0.002380952380952381	0.002380952380952381	0.1357142857142857	0.02142857142857143	0.002380952380952381	0.002380952380952381	0.11666666666666667	0.002380952380952381	0.002380952380952381	0.011904761904761904	0.28809523809523807	0.011904761904761904	0.02142857142857143	0.002380952380952381	0.06904761904761905	0.19285714285714287	0.002380952380952381	0.09761904761904762	0.002380952380952381	0.011904761904761904
8	file:/media/sf_vm-shared/project4/data/nsf/studies-of-crust-and-upper-mantle-structure-mantle-flow-and-geodynamics-of-the.txt	9.881422924901185E-4	0.016798418972332016	9.881422924901185E-4	9.881422924901185E-4	0.036561264822134384	9.881422924901185E-4	0.6887351778656127	9.881422924901185E-4	0.012845849802371542	9.881422924901185E-4	0.09189723320158102	9.881422924901185E-4	9.881422924901185E-4	0.004940711462450593	9.881422924901185E-4	0.016798418972332016	0.008893280632411068	0.09980237154150198	0.012845849802371542	9.881422924901185E-4
9	file:/media/sf_vm-shared/project4/data/nsf/us-japan-workshops-industrial-ecology-and-environmentally-benign.txt	0.015822784810126583	0.05379746835443038	0.0031645569620253164	0.0031645569620253164	0.04113924050632911	0.0031645569620253164	0.0031645569620253164	0.07911392405063292	0.015822784810126583	0.015822784810126583	0.028481012658227847	0.015822784810126583	0.0031645569620253164	0.0031645569620253164	0.015822784810126583	0.0031645569620253164	0.5854430379746836	0.06645569620253164	0.04113924050632911	0.0031645569620253164
10	file:/media/sf_vm-shared/project4/data/nsf/nsf-epscor-workshop-successful-management-strategies.txt	0.005	0.265	0.065	0.005	0.005	0.025	0.005	0.025	0.005	0.165	0.005	0.005	0.045	0.065	0.005	0.005	0.105	0.045	0.145	0.005
11	file:/media/sf_vm-shared/project4/data/nsf/analysis-of-galectins-as-splicing-factors.txt	9.9601593625498E-4	9.9601593625498E-4	0.044820717131474105	0.0049800796812749	0.02091633466135458	0.5946215139442231	9.9601593625498E-4	0.052788844621513946	0.008964143426294821	0.0049800796812749	9.9601593625498E-4	0.02091633466135458	9.9601593625498E-4	9.9601593625498E-4	9.9601593625498E-4	9.9601593625498E-4	9.9601593625498E-4	0.0647410358565737	0.04083665338645418	0.13247011952191234
12	file:/media/sf_vm-shared/project4/data/nsf/the-origins-of-ranked-society-in-the-northern-titicaca-basin.txt	9.328358208955224E-4	0.146455223880597	9.328358208955224E-4	9.328358208955224E-4	9.328358208955224E-4	9.328358208955224E-4	0.01958955223880597	0.02332089552238806	0.4673507462686567	9.328358208955224E-4	0.01958955223880597	0.01585820895522388	0.0457089552238806	9.328358208955224E-4	0.0830223880597015	9.328358208955224E-4	0.008395522388059701	0.13152985074626866	0.030783582089552237	9.328358208955224E-4
13	file:/media/sf_vm-shared/project4/data/nsf/professional-development-materials-for-constructing-physics-understanding-among.txt	0.005	0.025	0.145	0.005	0.005	0.005	0.005	0.025	0.005	0.545	0.005	0.025	0.025	0.005	0.005	0.005	0.005	0.105	0.045	0.005
14	file:/media/sf_vm-shared/project4/data/nsf/integrated-simulation-and-modeling-using-participatory-simulations-to.txt	0.0030864197530864196	0.040123456790123455	0.28703703703703703	0.0030864197530864196	0.05246913580246913	0.0030864197530864196	0.0030864197530864196	0.040123456790123455	0.0030864197530864196	0.2623456790123457	0.0030864197530864196	0.0030864197530864196	0.0030864197530864196	0.0030864197530864196	0.015432098765432098	0.0030864197530864196	0.015432098765432098	0.25	0.0030864197530864196	0.0030864197530864196
15	file:/media/sf_vm-shared/project4/data/nsf/neuropeptide-control-of-ecdysone-biosynthesis.txt	0.055303030303030305	7.575757575757576E-4	7.575757575757576E-4	7.575757575757576E-4	7.575757575757576E-4	0.21893939393939393	7.575757575757576E-4	0.003787878787878788	0.04318181818181818	7.575757575757576E-4	0.006818181818181818	0.04621212121212121	7.575757575757576E-4	7.575757575757576E-4	0.006818181818181818	7.575757575757576E-4	0.015909090909090907	0.1734848484848485	7.575757575757576E-4	0.421969696969697
16	file:/media/sf_vm-shared/project4/data/nsf/longitudinal-effects-of-technical-change-capital-accumulation-and-labor-market.txt	0.008169934640522876	0.027777777777777776	0.0016339869281045752	0.0016339869281045752	0.008169934640522876	0.0016339869281045752	0.027777777777777776	0.0016339869281045752	0.014705882352941176	0.05392156862745098	0.0016339869281045752	0.0016339869281045752	0.3415032679738562	0.0016339869281045752	0.2696078431372549	0.0016339869281045752	0.0016339869281045752	0.184640522875817	0.021241830065359478	0.027777777777777776
17	file:/media/sf_vm-shared/project4/data/nsf/the-role-of-starch-in-nectar-production.txt	0.1104014598540146	9.124087591240876E-4	9.124087591240876E-4	9.124087591240876E-4	9.124087591240876E-4	0.1541970802919708	0.011861313868613138	9.124087591240876E-4	9.124087591240876E-4	0.01916058394160584	0.004562043795620438	9.124087591240876E-4	9.124087591240876E-4	9.124087591240876E-4	0.055656934306569344	0.008211678832116789	9.124087591240876E-4	0.09945255474452555	9.124087591240876E-4	0.5264598540145985
18	file:/media/sf_vm-shared/project4/data/nsf/space-weather-an-operational-sun-to-earth-model.txt	0.0029411764705882353	0.061764705882352944	0.2735294117647059	0.026470588235294117	0.0029411764705882353	0.0029411764705882353	0.0029411764705882353	0.07352941176470588	0.014705882352941176	0.026470588235294117	0.19117647058823528	0.014705882352941176	0.0029411764705882353	0.10882352941176471	0.0029411764705882353	0.0029411764705882353	0.05	0.1323529411764706	0.0029411764705882353	0.0029411764705882353
19	file:/media/sf_vm-shared/project4/data/nsf/itr-an-adaptive-wavefront-construction-algorithm-for-optimal-seismic-ray.txt	0.002066115702479339	0.002066115702479339	0.31611570247933884	0.010330578512396695	0.07644628099173553	0.002066115702479339	0.07644628099173553	0.05991735537190083	0.002066115702479339	0.002066115702479339	0.11776859504132231	0.002066115702479339	0.002066115702479339	0.04338842975206612	0.002066115702479339	0.026859504132231406	0.002066115702479339	0.21694214876033058	0.03512396694214876	0.002066115702479339
20	file:/media/sf_vm-shared/project4/data/nsf/a-real-time-sequence-detection-system-for-the-center-for-marine-genomic-studies.txt	0.12202380952380952	0.050595238095238096	0.002976190476190476	0.002976190476190476	0.002976190476190476	0.18154761904761904	0.01488095238095238	0.03869047619047619	0.002976190476190476	0.002976190476190476	0.01488095238095238	0.09821428571428571	0.026785714285714284	0.28869047619047616	0.050595238095238096	0.03869047619047619	0.002976190476190476	0.01488095238095238	0.01488095238095238	0.026785714285714284
21	file:/media/sf_vm-shared/project4/data/nsf/us-japan-cooperative-science-study-of-quantum-hydrogen-fluids-and-solids.txt	0.0013966480446927375	0.051675977653631286	0.0013966480446927375	0.012569832402234637	0.018156424581005588	0.0013966480446927375	0.0013966480446927375	0.0013966480446927375	0.006983240223463687	0.023743016759776536	0.0013966480446927375	0.13547486033519554	0.012569832402234637	0.0013966480446927375	0.0013966480446927375	0.2639664804469274	0.3477653631284916	0.06284916201117319	0.040502793296089384	0.012569832402234637
22	file:/media/sf_vm-shared/project4/data/nsf/acquisition-of-research-insrumentation-for-molecular-and-cellular-biology.txt	0.05071599045346062	0.0029832935560859188	5.966587112171838E-4	5.966587112171838E-4	0.012529832935560859	0.32517899761336516	5.966587112171838E-4	0.029236276849642005	0.014916467780429593	0.0220763723150358	0.0053699284009546535	0.007756563245823389	5.966587112171838E-4	0.07458233890214797	0.012529832935560859	5.966587112171838E-4	0.019689737470167064	0.14140811455847255	0.19868735083532219	0.07935560859188544
23	file:/media/sf_vm-shared/project4/data/nsf/sttr-phase-i-low-power-vlsi-circuits-for-large-scale-neuronal-recording.txt	0.001937984496124031	0.03294573643410853	0.009689922480620155	0.009689922480620155	0.8003875968992248	0.009689922480620155	0.001937984496124031	0.001937984496124031	0.001937984496124031	0.001937984496124031	0.001937984496124031	0.001937984496124031	0.001937984496124031	0.01744186046511628	0.001937984496124031	0.01744186046511628	0.001937984496124031	0.06395348837209303	0.001937984496124031	0.01744186046511628
24	file:/media/sf_vm-shared/project4/data/nsf/investigation-of-nitric-oxide-kinetics-in-diffusion-flames-with-laser-induced.txt	0.0078125	0.0015625	0.0015625	0.0015625	0.1203125	0.0203125	0.0015625	0.0015625	0.0015625	0.0015625	0.2390625	0.3015625	0.0140625	0.0265625	0.0515625	0.1140625	0.0015625	0.0890625	0.0015625	0.0015625
25	file:/media/sf_vm-shared/project4/data/nsf/biocomplexity-incubation-activity-the-colloid-gap-interfacial-phenomena.txt	0.04927884615384615	0.001201923076923077	0.010817307692307692	0.006009615384615385	0.001201923076923077	0.11177884615384616	0.17427884615384615	0.006009615384615385	0.030048076923076924	0.001201923076923077	0.001201923076923077	0.18389423076923078	0.010817307692307692	0.001201923076923077	0.0733173076923077	0.10697115384615384	0.001201923076923077	0.11177884615384616	0.001201923076923077	0.11658653846153846
26	file:/media/sf_vm-shared/project4/data/nsf/open-archives-distributed-services-for-physicists-and-graduate-students-oad.txt	0.004032258064516129	0.2782258064516129	0.004032258064516129	0.004032258064516129	0.004032258064516129	0.004032258064516129	0.004032258064516129	0.0846774193548387	0.004032258064516129	0.1814516129032258	0.004032258064516129	0.004032258064516129	0.14919354838709678	0.004032258064516129	0.036290322580645164	0.020161290322580645	0.10080645161290322	0.020161290322580645	0.06854838709677419	0.020161290322580645
27	file:/media/sf_vm-shared/project4/data/nsf/visualization-rui-user-directed-segmentation-and-visualization-of-volumetric.txt	0.001141552511415525	0.20662100456621005	0.3573059360730594	0.04223744292237443	0.014840182648401826	0.001141552511415525	0.005707762557077625	0.10159817351598173	0.001141552511415525	0.028538812785388126	0.001141552511415525	0.001141552511415525	0.010273972602739725	0.03767123287671233	0.005707762557077625	0.04223744292237443	0.001141552511415525	0.09703196347031963	0.04223744292237443	0.001141552511415525
28	file:/media/sf_vm-shared/project4/data/nsf/traceability-based-dynamic-metrics-as-a-tool-for-evaluating-partitioning.txt	0.002232142857142857	0.011160714285714286	0.10044642857142858	0.020089285714285716	0.002232142857142857	0.002232142857142857	0.002232142857142857	0.359375	0.002232142857142857	0.046875	0.002232142857142857	0.002232142857142857	0.011160714285714286	0.002232142857142857	0.046875	0.002232142857142857	0.020089285714285716	0.359375	0.002232142857142857	0.002232142857142857
29	file:/media/sf_vm-shared/project4/data/nsf/pervasive-information-community-organization-pico-a-framework-for-internet.txt	0.0012953367875647669	0.042746113989637305	0.15155440414507773	0.0012953367875647669	0.006476683937823834	0.0012953367875647669	0.0012953367875647669	0.4676165803108808	0.0012953367875647669	0.07901554404145078	0.006476683937823834	0.0012953367875647669	0.05310880829015544	0.0012953367875647669	0.006476683937823834	0.0012953367875647669	0.06865284974093264	0.08419689119170984	0.022020725388601035	0.0012953367875647669
30	file:/media/sf_vm-shared/project4/data/nsf/peptidases-that-degrade-solid-spider-silk-fibers.txt	0.0706896551724138	0.008620689655172414	0.0017241379310344827	0.0017241379310344827	0.0017241379310344827	0.45	0.0017241379310344827	0.0017241379310344827	0.0017241379310344827	0.0017241379310344827	0.015517241379310345	0.05	0.0017241379310344827	0.0017241379310344827	0.0017241379310344827	0.029310344827586206	0.056896551724137934	0.09827586206896552	0.16034482758620688	0.04310344827586207
31	file:/media/sf_vm-shared/project4/data/nsf/collaborative-research-seismic-characterization-of-a-gas-hydrate-system-in-the.txt	0.014367816091954023	0.014367816091954023	0.08333333333333333	0.0028735632183908046	0.04885057471264368	0.014367816091954023	0.3132183908045977	0.02586206896551724	0.08333333333333333	0.014367816091954023	0.14080459770114942	0.0028735632183908046	0.02586206896551724	0.0603448275862069	0.014367816091954023	0.0028735632183908046	0.0028735632183908046	0.12931034482758622	0.0028735632183908046	0.0028735632183908046
32	file:/media/sf_vm-shared/project4/data/nsf/missing-sensor-data-restoration-computationally-intelligent-discovery-of.txt	0.0024752475247524753	0.25	0.2004950495049505	0.022277227722772276	0.12128712871287128	0.022277227722772276	0.03217821782178218	0.05198019801980198	0.012376237623762377	0.0024752475247524753	0.0024752475247524753	0.0024752475247524753	0.012376237623762377	0.0024752475247524753	0.0024752475247524753	0.0024752475247524753	0.0024752475247524753	0.2301980198019802	0.0024752475247524753	0.022277227722772276
33	file:/media/sf_vm-shared/project4/data/nsf/a-combined-mathematics-laboratory-and-classroom-environment.txt	0.002631578947368421	0.002631578947368421	0.07631578947368421	0.034210526315789476	0.0868421052631579	0.002631578947368421	0.002631578947368421	0.05526315789473684	0.002631578947368421	0.4026315789473684	0.002631578947368421	0.002631578947368421	0.013157894736842105	0.002631578947368421	0.002631578947368421	0.002631578947368421	0.02368421052631579	0.06578947368421052	0.2131578947368421	0.002631578947368421
34	file:/media/sf_vm-shared/project4/data/nsf/sger-on-line-fiber-preform-permeability-measurement-and-its-applications-to.txt	0.0412621359223301	0.0024271844660194173	0.012135922330097087	0.0412621359223301	0.22572815533980584	0.0024271844660194173	0.0024271844660194173	0.0024271844660194173	0.012135922330097087	0.0024271844660194173	0.0024271844660194173	0.021844660194174758	0.0024271844660194173	0.012135922330097087	0.021844660194174758	0.41019417475728154	0.0024271844660194173	0.17718446601941748	0.0024271844660194173	0.0024271844660194173
35	file:/media/sf_vm-shared/project4/data/nsf/purchase-of-500-mhz-nmr.txt	0.040123456790123455	0.0030864197530864196	0.0030864197530864196	0.027777777777777776	0.0030864197530864196	0.015432098765432098	0.0030864197530864196	0.0030864197530864196	0.0030864197530864196	0.0030864197530864196	0.0030864197530864196	0.5833333333333334	0.0030864197530864196	0.22530864197530864	0.0030864197530864196	0.0030864197530864196	0.0030864197530864196	0.06481481481481481	0.0030864197530864196	0.0030864197530864196
36	file:/media/sf_vm-shared/project4/data/nsf/reductive-biotransformation-and-decolorization-of-reactive-anthraquinone-and.txt	0.0023584905660377358	0.01179245283018868	0.10613207547169812	0.01179245283018868	0.0023584905660377358	0.0023584905660377358	0.0023584905660377358	0.01179245283018868	0.0023584905660377358	0.04009433962264151	0.0023584905660377358	0.4080188679245283	0.0023584905660377358	0.0023584905660377358	0.1721698113207547	0.14386792452830188	0.030660377358490566	0.04009433962264151	0.0023584905660377358	0.0023584905660377358
37	file:/media/sf_vm-shared/project4/data/nsf/studies-of-magnetohydrodynamic-turbulence-and-turbulence-in-the-corona-and.txt	0.002066115702479339	0.026859504132231406	0.06818181818181818	0.10950413223140495	0.002066115702479339	0.002066115702479339	0.002066115702479339	0.002066115702479339	0.002066115702479339	0.002066115702479339	0.5971074380165289	0.002066115702479339	0.002066115702479339	0.010330578512396695	0.002066115702479339	0.04338842975206612	0.002066115702479339	0.09297520661157024	0.002066115702479339	0.026859504132231406
38	file:/media/sf_vm-shared/project4/data/nsf/arabidopsis-2010-investigating-coiled-coil-proteins-in-the-arabidopsis-orfeome.txt	0.007867132867132868	0.10227272727272728	0.056818181818181816	8.741258741258741E-4	8.741258741258741E-4	0.5078671328671329	8.741258741258741E-4	0.011363636363636364	8.741258741258741E-4	8.741258741258741E-4	0.004370629370629371	8.741258741258741E-4	0.007867132867132868	8.741258741258741E-4	0.004370629370629371	8.741258741258741E-4	0.004370629370629371	0.11276223776223776	0.028846153846153848	0.14423076923076922
39	file:/media/sf_vm-shared/project4/data/nsf/collaborative-research-comparative-and-quantitative-studies-of-protistan.txt	0.4114583333333333	0.001736111111111111	0.050347222222222224	0.001736111111111111	0.001736111111111111	0.09895833333333333	0.078125	0.022569444444444444	0.001736111111111111	0.001736111111111111	0.036458333333333336	0.001736111111111111	0.001736111111111111	0.008680555555555556	0.09895833333333333	0.001736111111111111	0.001736111111111111	0.140625	0.001736111111111111	0.036458333333333336
40	file:/media/sf_vm-shared/project4/data/nsf/sbir-phase-i-a-simple-and-practical-solid-state-157-nm-coherent-light-source.txt	0.0028089887640449437	0.0028089887640449437	0.09269662921348315	0.014044943820224719	0.4410112359550562	0.0028089887640449437	0.0028089887640449437	0.0028089887640449437	0.0028089887640449437	0.025280898876404494	0.18258426966292135	0.0028089887640449437	0.0028089887640449437	0.05898876404494382	0.025280898876404494	0.0702247191011236	0.0028089887640449437	0.05898876404494382	0.0028089887640449437	0.0028089887640449437
41	file:/media/sf_vm-shared/project4/data/nsf/shipboard-scientific-support-equipment.txt	0.0021929824561403508	0.0021929824561403508	0.0021929824561403508	0.0021929824561403508	0.010964912280701754	0.0021929824561403508	0.0021929824561403508	0.0021929824561403508	0.010964912280701754	0.0021929824561403508	0.0021929824561403508	0.010964912280701754	0.0021929824561403508	0.9320175438596491	0.0021929824561403508	0.0021929824561403508	0.0021929824561403508	0.0021929824561403508	0.0021929824561403508	0.0021929824561403508
42	file:/media/sf_vm-shared/project4/data/nsf/molecular-investigations-of-gnrh-in-lamprey-reproduction.txt	0.20047169811320756	0.030660377358490566	0.0023584905660377358	0.0023584905660377358	0.0023584905660377358	0.14386792452830188	0.0023584905660377358	0.0023584905660377358	0.01179245283018868	0.0023584905660377358	0.0023584905660377358	0.01179245283018868	0.0023584905660377358	0.0023584905660377358	0.06839622641509434	0.0023584905660377358	0.02122641509433962	0.06839622641509434	0.11556603773584906	0.30424528301886794
43	file:/media/sf_vm-shared/project4/data/nsf/computability-theory.txt	0.001488095238095238	0.013392857142857142	0.13839285714285715	0.4955357142857143	0.001488095238095238	0.001488095238095238	0.00744047619047619	0.08482142857142858	0.001488095238095238	0.001488095238095238	0.013392857142857142	0.001488095238095238	0.001488095238095238	0.001488095238095238	0.001488095238095238	0.001488095238095238	0.001488095238095238	0.22172619047619047	0.00744047619047619	0.001488095238095238
44	file:/media/sf_vm-shared/project4/data/nsf/development-of-novel-3d-nano-lithography-fundamental-investigations-and.txt	0.0018656716417910447	0.06902985074626866	0.1287313432835821	0.0018656716417910447	0.0018656716417910447	0.0018656716417910447	0.0018656716417910447	0.0018656716417910447	0.009328358208955223	0.009328358208955223	0.0018656716417910447	0.054104477611940295	0.04664179104477612	0.024253731343283583	0.016791044776119403	0.36007462686567165	0.016791044776119403	0.09888059701492537	0.15111940298507462	0.0018656716417910447
45	file:/media/sf_vm-shared/project4/data/nsf/career-theoretical-studies-of-bond-breaking-diradicals-and-nondynamical.txt	0.0025	0.1225	0.1725	0.1225	0.0025	0.0025	0.0025	0.0025	0.0025	0.0525	0.0025	0.1425	0.0025	0.0025	0.0025	0.0725	0.0525	0.1325	0.0925	0.0125
46	file:/media/sf_vm-shared/project4/data/nsf/oig-0135954-audit-of-nsf-awards-to-madison-area-technical-college-to-be.txt	0.03571428571428571	0.03571428571428571	0.03571428571428571	0.03571428571428571	0.03571428571428571	0.03571428571428571	0.03571428571428571	0.17857142857142858	0.03571428571428571	0.03571428571428571	0.03571428571428571	0.03571428571428571	0.03571428571428571	0.03571428571428571	0.03571428571428571	0.03571428571428571	0.17857142857142858	0.03571428571428571	0.03571428571428571	0.03571428571428571
47	file:/media/sf_vm-shared/project4/data/nsf/career-algebraic-geometry-of-moduli-spaces.txt	0.019067796610169493	0.00211864406779661	0.12076271186440678	0.6377118644067796	0.00211864406779661	0.00211864406779661	0.00211864406779661	0.01059322033898305	0.00211864406779661	0.00211864406779661	0.00211864406779661	0.00211864406779661	0.019067796610169493	0.00211864406779661	0.00211864406779661	0.01059322033898305	0.02754237288135593	0.04449152542372881	0.07838983050847458	0.01059322033898305
48	file:/media/sf_vm-shared/project4/data/nsf/transient-authentication-for-mobile-devices.txt	0.002136752136752137	0.002136752136752137	0.002136752136752137	0.002136752136752137	0.04487179487179487	0.002136752136752137	0.002136752136752137	0.5149572649572649	0.002136752136752137	0.010683760683760684	0.010683760683760684	0.002136752136752137	0.12179487179487179	0.002136752136752137	0.053418803418803416	0.010683760683760684	0.04487179487179487	0.16452991452991453	0.002136752136752137	0.002136752136752137
49	file:/media/sf_vm-shared/project4/data/nsf/us-hungary-materials-theory-research-on-strongly-correlated-and-mesoscopic.txt	0.008278145695364239	0.054635761589403975	0.0347682119205298	0.12086092715231789	0.014900662251655629	0.0016556291390728477	0.0016556291390728477	0.0016556291390728477	0.014900662251655629	0.0016556291390728477	0.028145695364238412	0.0347682119205298	0.0016556291390728477	0.0016556291390728477	0.0016556291390728477	0.29304635761589404	0.20695364238410596	0.15397350993377484	0.02152317880794702	0.0016556291390728477
50	file:/media/sf_vm-shared/project4/data/nsf/balancing-cost-with-benefits-of-health-care-technologies-in-the-new-millennium.txt	0.0022935779816513763	0.011467889908256881	0.011467889908256881	0.0022935779816513763	0.011467889908256881	0.0022935779816513763	0.0022935779816513763	0.0022935779816513763	0.020642201834862386	0.11238532110091744	0.0022935779816513763	0.0022935779816513763	0.13073394495412843	0.020642201834862386	0.0389908256880734	0.0022935779816513763	0.5619266055045872	0.0022935779816513763	0.05733944954128441	0.0022935779816513763
51	file:/media/sf_vm-shared/project4/data/nsf/scholarship-and-travel-grants-for-the-grace-hopper-celebration-of-women-in.txt	0.001937984496124031	0.001937984496124031	0.001937984496124031	0.001937984496124031	0.0562015503875969	0.001937984496124031	0.001937984496124031	0.07945736434108527	0.001937984496124031	0.04844961240310078	0.001937984496124031	0.001937984496124031	0.025193798449612403	0.001937984496124031	0.001937984496124031	0.001937984496124031	0.4127906976744186	0.1182170542635659	0.23449612403100775	0.001937984496124031
52	file:/media/sf_vm-shared/project4/data/nsf/high-resolution-time-series-of-california-climate-over-the-last-12000-years.txt	0.026851851851851852	9.25925925925926E-4	0.012037037037037037	0.008333333333333333	9.25925925925926E-4	0.012037037037037037	0.20092592592592592	9.25925925925926E-4	0.32685185185185184	9.25925925925926E-4	0.008333333333333333	9.25925925925926E-4	9.25925925925926E-4	9.25925925925926E-4	0.2564814814814815	0.004629629629629629	9.25925925925926E-4	0.13055555555555556	9.25925925925926E-4	0.004629629629629629
53	file:/media/sf_vm-shared/project4/data/nsf/sbir-phase-i-saving-post-chemical-mechanical-planarizingpolishing-cmp-wafers.txt	0.0024752475247524753	0.0024752475247524753	0.0024752475247524753	0.0024752475247524753	0.8638613861386139	0.0024752475247524753	0.0024752475247524753	0.012376237623762377	0.0024752475247524753	0.0024752475247524753	0.0024752475247524753	0.012376237623762377	0.0024752475247524753	0.012376237623762377	0.0024752475247524753	0.06188118811881188	0.0024752475247524753	0.0024752475247524753	0.0024752475247524753	0.0024752475247524753
54	file:/media/sf_vm-shared/project4/data/nsf/turbo-multiuser-detection-analysis-optimization-and-applications.txt	0.020700636942675158	0.03343949044585987	0.16719745222929935	0.0015923566878980893	0.020700636942675158	0.007961783439490446	0.0015923566878980893	0.4156050955414013	0.03980891719745223	0.020700636942675158	0.03980891719745223	0.0015923566878980893	0.04617834394904458	0.0015923566878980893	0.007961783439490446	0.0015923566878980893	0.020700636942675158	0.13535031847133758	0.0015923566878980893	0.014331210191082803
55	file:/media/sf_vm-shared/project4/data/nsf/rui-oxygen-isotope-thermometry-and-hygrometry-in-quartzites.txt	0.0048828125	0.0205078125	0.0283203125	0.0048828125	9.765625E-4	0.0048828125	0.5478515625	9.765625E-4	9.765625E-4	9.765625E-4	0.0947265625	0.0205078125	0.0166015625	9.765625E-4	9.765625E-4	0.0869140625	0.0048828125	0.1533203125	9.765625E-4	0.0048828125
56	file:/media/sf_vm-shared/project4/data/nsf/toward-quantum-computing-with-molecular-magnets-studies-of-spin-dynamics-in-a.txt	0.001893939393939394	0.001893939393939394	0.03977272727272727	0.001893939393939394	0.001893939393939394	0.017045454545454544	0.001893939393939394	0.04734848484848485	0.001893939393939394	0.001893939393939394	0.04734848484848485	0.10037878787878787	0.001893939393939394	0.001893939393939394	0.017045454545454544	0.38825757575757575	0.001893939393939394	0.14583333333333334	0.17613636363636365	0.001893939393939394
57	file:/media/sf_vm-shared/project4/data/nsf/oxygen-and-hydrogen-fugacity-of-the-purico-ignimbrite-magmas-northern-chile.txt	0.019005847953216373	0.0014619883040935672	0.0014619883040935672	0.0014619883040935672	0.013157894736842105	0.0014619883040935672	0.45760233918128657	0.007309941520467836	0.03070175438596491	0.0014619883040935672	0.007309941520467836	0.07163742690058479	0.03654970760233918	0.0014619883040935672	0.0014619883040935672	0.20029239766081872	0.0014619883040935672	0.14181286549707603	0.0014619883040935672	0.0014619883040935672
58	file:/media/sf_vm-shared/project4/data/nsf/workshop-on-shallow-tropical-subtropical-overturning-cells-stcand-their.txt	0.015432098765432098	0.0030864197530864196	0.0030864197530864196	0.0030864197530864196	0.0030864197530864196	0.027777777777777776	0.05246913580246913	0.0030864197530864196	0.040123456790123455	0.0030864197530864196	0.12654320987654322	0.0030864197530864196	0.0030864197530864196	0.0030864197530864196	0.22530864197530864	0.0030864197530864196	0.3487654320987654	0.05246913580246913	0.05246913580246913	0.027777777777777776
59	file:/media/sf_vm-shared/project4/data/nsf/arithmetic-geometric-and-ergodic-aspects-of-the-theory-of-lie-groups-and-their.txt	0.0028089887640449437	0.0028089887640449437	0.0028089887640449437	0.7331460674157303	0.0028089887640449437	0.0028089887640449437	0.0028089887640449437	0.0028089887640449437	0.014044943820224719	0.0028089887640449437	0.0028089887640449437	0.014044943820224719	0.0028089887640449437	0.0028089887640449437	0.0028089887640449437	0.0028089887640449437	0.0028089887640449437	0.19382022471910113	0.0028089887640449437	0.0028089887640449437
60	file:/media/sf_vm-shared/project4/data/nsf/collaborative-research-a-sea-test-of-the-prod-seafloor-drill.txt	0.0021929824561403508	0.019736842105263157	0.0021929824561403508	0.0021929824561403508	0.03728070175438596	0.0021929824561403508	0.19517543859649122	0.0021929824561403508	0.019736842105263157	0.010964912280701754	0.0021929824561403508	0.0021929824561403508	0.0021929824561403508	0.5548245614035088	0.02850877192982456	0.010964912280701754	0.046052631578947366	0.05482456140350877	0.0021929824561403508	0.0021929824561403508
61	file:/media/sf_vm-shared/project4/data/nsf/upgrading-of-geophysics-communal-computer-laboratory.txt	0.0017985611510791368	0.0017985611510791368	0.08812949640287769	0.0017985611510791368	0.0017985611510791368	0.0017985611510791368	0.030575539568345324	0.13129496402877697	0.023381294964028777	0.0737410071942446	0.023381294964028777	0.0017985611510791368	0.0017985611510791368	0.3830935251798561	0.0737410071942446	0.008992805755395683	0.0017985611510791368	0.0737410071942446	0.0737410071942446	0.0017985611510791368
62	file:/media/sf_vm-shared/project4/data/nsf/begen-en-genome-sequence-and-functional-analysis-of-an-uncultured-bacterium.txt	0.08532934131736528	0.01347305389221557	0.0014970059880239522	0.0014970059880239522	0.0014970059880239522	0.33083832335329344	0.0014970059880239522	0.01347305389221557	0.06736526946107785	0.019461077844311378	0.0014970059880239522	0.01347305389221557	0.0074850299401197605	0.0014970059880239522	0.019461077844311378	0.0014970059880239522	0.04341317365269461	0.15119760479041916	0.13922155688622753	0.08532934131736528
63	file:/media/sf_vm-shared/project4/data/nsf/collaborative-research-the-influence-of-snow-cover-on-northern-hemisphere.txt	0.0036231884057971015	0.0036231884057971015	0.0036231884057971015	0.0036231884057971015	0.0036231884057971015	0.0036231884057971015	0.0036231884057971015	0.04710144927536232	0.16304347826086957	0.0036231884057971015	0.04710144927536232	0.0036231884057971015	0.0036231884057971015	0.018115942028985508	0.48188405797101447	0.0036231884057971015	0.0036231884057971015	0.17753623188405798	0.0036231884057971015	0.018115942028985508
64	file:/media/sf_vm-shared/project4/data/nsf/collaborative-research-spatial-and-temporal-variability-of-ground-temperature.txt	0.0035211267605633804	0.0035211267605633804	0.03169014084507042	0.0035211267605633804	0.0035211267605633804	0.0035211267605633804	0.07394366197183098	0.0035211267605633804	0.07394366197183098	0.0035211267605633804	0.0035211267605633804	0.0035211267605633804	0.0035211267605633804	0.03169014084507042	0.5528169014084507	0.0880281690140845	0.0035211267605633804	0.05985915492957746	0.0035211267605633804	0.045774647887323945
65	file:/media/sf_vm-shared/project4/data/nsf/statistical-analysis-for-binary-traits.txt	0.007653061224489796	0.09608843537414966	0.04846938775510204	8.503401360544217E-4	8.503401360544217E-4	0.5042517006802721	8.503401360544217E-4	8.503401360544217E-4	8.503401360544217E-4	8.503401360544217E-4	8.503401360544217E-4	8.503401360544217E-4	0.004251700680272109	8.503401360544217E-4	0.04846938775510204	8.503401360544217E-4	0.021258503401360544	0.24914965986394558	8.503401360544217E-4	0.011054421768707483
66	file:/media/sf_vm-shared/project4/data/nsf/career-structure-and-dynamics-of-negative-ions-via-photoelectron-imaging.txt	0.0018796992481203006	0.0018796992481203006	0.08458646616541353	0.009398496240601503	0.016917293233082706	0.0018796992481203006	0.0018796992481203006	0.02443609022556391	0.016917293233082706	0.039473684210526314	0.06203007518796992	0.325187969924812	0.0018796992481203006	0.0018796992481203006	0.0018796992481203006	0.12218045112781954	0.0018796992481203006	0.06954887218045112	0.212406015037594	0.0018796992481203006
67	file:/media/sf_vm-shared/project4/data/nsf/sger-american-identity-under-siege-re-categorization-at-ground-zero.txt	0.016791044776119403	0.0018656716417910447	0.0018656716417910447	0.03171641791044776	0.009328358208955223	0.016791044776119403	0.016791044776119403	0.009328358208955223	0.17350746268656717	0.0018656716417910447	0.0018656716417910447	0.0018656716417910447	0.42723880597014924	0.0018656716417910447	0.016791044776119403	0.0018656716417910447	0.13619402985074627	0.1287313432835821	0.0018656716417910447	0.0018656716417910447
68	file:/media/sf_vm-shared/project4/data/nsf/collaborative-research-a-two-body-towing-system-for-swath-mapping-ocean.txt	0.001388888888888889	0.018055555555555554	0.14583333333333334	0.001388888888888889	0.034722222222222224	0.001388888888888889	0.0125	0.05138888888888889	0.018055555555555554	0.02361111111111111	0.2902777777777778	0.006944444444444444	0.001388888888888889	0.15138888888888888	0.05138888888888889	0.05138888888888889	0.001388888888888889	0.13472222222222222	0.001388888888888889	0.001388888888888889
69	file:/media/sf_vm-shared/project4/data/nsf/us-spain-cooperative-research-optical-studies-of-carbon-nanotubes-under-high.txt	0.002688172043010753	0.002688172043010753	0.002688172043010753	0.002688172043010753	0.002688172043010753	0.002688172043010753	0.013440860215053764	0.03494623655913978	0.013440860215053764	0.002688172043010753	0.024193548387096774	0.002688172043010753	0.002688172043010753	0.20698924731182797	0.013440860215053764	0.3682795698924731	0.024193548387096774	0.239247311827957	0.03494623655913978	0.002688172043010753
70	file:/media/sf_vm-shared/project4/data/nsf/sger-biodiversity-of-native-mexican-trout-genus-oncorhynchus-spp-and-the.txt	0.5731441048034934	0.036026200873362446	0.001091703056768559	0.001091703056768559	0.001091703056768559	0.027292576419213975	0.03165938864628821	0.001091703056768559	0.14519650655021835	0.001091703056768559	0.001091703056768559	0.001091703056768559	0.027292576419213975	0.009825327510917031	0.009825327510917031	0.001091703056768559	0.08406113537117904	0.036026200873362446	0.009825327510917031	0.001091703056768559
71	file:/media/sf_vm-shared/project4/data/nsf/solar-system-laboratory-aeronomy-by-electron-impact-with-emphasis-on-terrestrial.txt	0.00390625	0.05078125	0.14453125	0.00390625	0.00390625	0.00390625	0.05078125	0.00390625	0.00390625	0.00390625	0.25390625	0.06640625	0.00390625	0.00390625	0.05078125	0.17578125	0.00390625	0.16015625	0.00390625	0.00390625
72	file:/media/sf_vm-shared/project4/data/nsf/looking-inside-the-black-box-classroom-practice-that-supports-high-achievement.txt	0.011682242990654205	0.011682242990654205	0.002336448598130841	0.002336448598130841	0.002336448598130841	0.02102803738317757	0.002336448598130841	0.02102803738317757	0.030373831775700934	0.6191588785046729	0.002336448598130841	0.002336448598130841	0.09579439252336448	0.002336448598130841	0.030373831775700934	0.02102803738317757	0.002336448598130841	0.11448598130841121	0.002336448598130841	0.002336448598130841
73	file:/media/sf_vm-shared/project4/data/nsf/the-j-p-harrington-database-project-the-california-materials.txt	0.027777777777777776	0.28921568627450983	0.021241830065359478	0.0016339869281045752	0.0016339869281045752	0.03431372549019608	0.0016339869281045752	0.0016339869281045752	0.119281045751634	0.11274509803921569	0.0016339869281045752	0.0016339869281045752	0.3022875816993464	0.008169934640522876	0.0016339869281045752	0.0016339869281045752	0.03431372549019608	0.03431372549019608	0.0016339869281045752	0.0016339869281045752
74	file:/media/sf_vm-shared/project4/data/nsf/career-the-impact-of-resource-scheduling-on-improving-server-performance.txt	0.002717391304347826	0.024456521739130436	0.035326086956521736	0.01358695652173913	0.057065217391304345	0.002717391304347826	0.002717391304347826	0.35054347826086957	0.002717391304347826	0.002717391304347826	0.002717391304347826	0.002717391304347826	0.07880434782608696	0.07880434782608696	0.002717391304347826	0.002717391304347826	0.024456521739130436	0.3070652173913043	0.002717391304347826	0.002717391304347826
75	file:/media/sf_vm-shared/project4/data/nsf/protein-crystals-new-templates-for-the-construction-of-nanostructured-solids.txt	0.0014367816091954023	0.0014367816091954023	0.01293103448275862	0.007183908045977011	0.0014367816091954023	0.08764367816091954	0.007183908045977011	0.0014367816091954023	0.0014367816091954023	0.0014367816091954023	0.0014367816091954023	0.30028735632183906	0.0014367816091954023	0.035919540229885055	0.01867816091954023	0.27155172413793105	0.03017241379310345	0.0014367816091954023	0.1968390804597701	0.01867816091954023
76	file:/media/sf_vm-shared/project4/data/nsf/geometric-singular-perturbations-with-turning-points-and-synchronization-of.txt	0.0018796992481203006	0.0018796992481203006	0.10714285714285714	0.40037593984962405	0.02443609022556391	0.009398496240601503	0.0018796992481203006	0.07706766917293233	0.0018796992481203006	0.009398496240601503	0.12969924812030076	0.009398496240601503	0.016917293233082706	0.0018796992481203006	0.039473684210526314	0.0018796992481203006	0.03195488721804511	0.12218045112781954	0.009398496240601503	0.0018796992481203006
77	file:/media/sf_vm-shared/project4/data/nsf/wave-turbulence-in-atmospheric-and-oceanic-flows.txt	9.328358208955224E-4	0.0046641791044776115	0.07555970149253731	0.03824626865671642	9.328358208955224E-4	9.328358208955224E-4	0.01585820895522388	0.0046641791044776115	0.0457089552238806	9.328358208955224E-4	0.605410447761194	9.328358208955224E-4	9.328358208955224E-4	9.328358208955224E-4	0.05690298507462686	9.328358208955224E-4	0.012126865671641791	0.12779850746268656	9.328358208955224E-4	0.0046641791044776115
